HARTREE FOCK PROGRAM
Author: Sergio D. Pineda Flores
Last updated: 1/03/2019

Number of atoms: 6
Input Cartesian coordinates (Bohr):
1 -7.35130  0.94014  0.00000
1 -7.34532 -0.94958  0.00000
1  0.20757  0.96404  0.00000
1  0.21355 -0.92567  0.00000
1  7.20584  1.01597  0.00000
1  7.06965 -1.04490  0.00000
Interatomic distances (Bohr):
1 0  1.88973
2 0  7.55890
2 1  7.79154
3 0  7.79154
3 1  7.55890
3 2  1.88973
4 0 14.55734
4 1 14.68331
4 2  6.99847
4 3  7.25687
5 0 14.55693
5 1 14.41529
5 2  7.15011
5 3  6.85715
5 4  2.06537

Bond angles:

Out-of-Plane angles:

Torsional angles:


Molecular center of mass:   0.00000000  -0.00000000   0.00000000

Principal moments of inertia (amu *Bohr^2):
5.74139 211.668 217.409 

Molecule is an asymmetric top.
Beginning Hartree Fock
creating overlap, kinetic, potential matrices 
creating H_core matrix 
performing 2 electron integrals 
evaluating 1 and 2 body integrals took 69096 clicks (0.069096 seconds).
Build the Orthogonalization Matrix S^(-1/2)
Build the Initial (Guess) Density
Compute the Initial SCF Energy
intial SCF energy: -3.685140 
Beginning SCF procedure

SCF energy: -4.200719 
SCF energy: -5.632365 
SCF energy: -6.075882 
SCF energy: -6.075879 
~~~~~~~~~~~~~~~~~~~~~
density matrix
6.68231e-01 6.68235e-01 -1.36744e-03 -1.36537e-03 9.57950e-06 3.48415e-06
6.68235e-01 6.68240e-01 -1.36567e-03 -1.36360e-03 9.59066e-06 3.49701e-06
-1.36744e-03 -1.36567e-03 6.68151e-01 6.68250e-01 -3.62251e-03 -2.96756e-03
-1.36537e-03 -1.36360e-03 6.68250e-01 6.68348e-01 -3.43474e-03 -2.77970e-03
9.57950e-06 9.59066e-06 -3.62251e-03 -3.43474e-03 6.92839e-01 6.92794e-01
3.48415e-06 3.49701e-06 -2.96756e-03 -2.77970e-03 6.92794e-01 6.92750e-01

C matrix
-4.40697e-01 -3.74026e-01 -2.47674e-03 8.05552e-01 -5.86606e-01 -6.80246e-04
-4.40701e-01 -3.74028e-01 -2.47663e-03 -8.05550e-01 5.86606e-01 6.84870e-04
-3.71582e-01 4.39280e-01 5.50928e-02 5.85372e-01 8.05522e-01 -3.93223e-02
-3.71648e-01 4.39356e-01 5.49416e-02 -5.85368e-01 -8.05518e-01 3.82618e-02
-3.23714e-02 4.20104e-02 -5.86180e-01 -2.34351e-02 -3.10834e-02 -9.47035e-01
-3.27305e-02 4.24411e-02 -5.86091e-01 2.36264e-02 3.13465e-02 9.47049e-01

F matrix
-2.46706e-01 -4.77351e-01 -1.81393e-03 -1.50555e-03 -5.48505e-07 1.84763e-07
-4.77351e-01 -2.46709e-01 -1.50532e-03 -1.81541e-03 -5.36053e-07 1.79115e-07
-1.81393e-03 -1.50532e-03 -2.46048e-01 -4.77020e-01 -3.55124e-03 -3.37240e-03
-1.50555e-03 -1.81541e-03 -4.77020e-01 -2.46119e-01 -2.99761e-03 -4.20325e-03
-5.48505e-07 -5.36053e-07 -3.55124e-03 -2.99761e-03 -2.17094e-01 -4.40463e-01
1.84763e-07 1.79115e-07 -3.37240e-03 -4.20325e-03 -4.40463e-01 -2.17070e-01

Hcore matrix
-1.37752e+00 -8.81376e-01 -3.35441e-03 -2.52006e-03 -1.48361e-08 -1.50847e-08
-8.81376e-01 -1.37761e+00 -2.52005e-03 -3.35483e-03 -1.11853e-08 -2.06619e-08
-3.35441e-03 -2.52005e-03 -1.52288e+00 -9.54586e-01 -6.97467e-03 -5.90664e-03
-2.52006e-03 -3.35483e-03 -9.54586e-01 -1.52377e+00 -5.17234e-03 -8.28924e-03
-1.48361e-08 -1.11853e-08 -6.97467e-03 -5.17234e-03 -1.35792e+00 -7.86857e-01
-1.50847e-08 -2.06619e-08 -5.90664e-03 -8.28924e-03 -7.86857e-01 -1.36419e+00

SCF procedure took 397 clicks (0.000397 seconds).
Final Electronic Energy: -6.075879 Hartree
Program terminated normally. 
